[ 2: 54 79 58 12 56 65 38 18 73 70 72 95 74 ]
[ 5: 54 29 79 59 10 57 15 86 12 39 89 96 9 97 65 43 73 64 51 87 33 95 74 ]
[ 7: 54 88 30 91 12 39 96 8 18 25 75 84 35 72 55 16 78 58 41 56 9 38 81 70 17 22 42 100 95 74 ]
[ 10: 29 79 59 57 15 86 39 89 5 96 97 65 43 82 64 51 87 33 85 95 74 ]
[ 12: 54 59 88 2 91 39 89 5 96 7 65 18 84 33 72 55 57 58 41 56 9 38 70 17 22 51 100 95 74 ]
[ 33: 54 29 79 59 10 57 15 86 12 39 89 5 96 9 97 3 65 43 73 64 51 87 95 74 ]
[ 38: 54 55 88 98 2 58 12 56 7 8 18 75 70 17 72 ]
[ 39: 54 59 10 28 99 15 91 86 12 89 5 96 7 97 65 84 33 29 57 41 56 9 3 43 70 17 22 51 87 100 95 74 ]
[ 51: 59 10 28 90 15 86 12 39 89 32 5 96 97 82 48 84 64 33 85 29 57 9 3 43 21 87 100 61 95 74 ]
[ 54: 79 2 58 12 39 56 5 96 7 65 38 18 73 70 64 33 72 95 74 ]
[ 56: 54 79 55 88 98 2 58 12 39 96 7 65 38 18 84 70 17 72 95 74 ]
[ 58: 54 79 55 88 98 2 12 56 7 65 38 18 70 17 72 95 74 ]
[ 59: 10 90 15 86 12 39 89 32 5 96 97 65 82 48 64 33 85 29 57 9 3 43 51 87 61 95 74 ]
[ 64: 54 29 79 59 10 57 89 5 96 97 65 73 51 87 33 95 74 ]
[ 65: 54 79 59 10 2 58 12 39 56 5 96 97 73 64 33 72 95 74 ]
[ 70: 54 88 98 2 91 12 39 96 7 8 18 25 75 84 35 72 55 58 41 56 38 17 22 42 95 74 ]
[ 72: 54 79 55 88 98 2 58 12 56 7 65 38 18 70 95 74 ]
[ 73: 65 54 79 2 64 5 33 74 ]
[ 74: 54 79 59 10 2 12 39 89 5 96 7 97 65 84 64 33 72 29 57 58 56 9 73 70 51 87 95 ]
[ 79: 54 10 2 58 56 5 96 97 65 73 64 33 72 95 74 ]
[ 84: 88 28 99 30 91 12 39 89 96 7 18 25 35 55 16 78 41 56 9 69 81 70 76 63 17 13 22 42 51 100 93 95 74 ]
[ 95: 54 79 59 10 2 12 39 89 5 96 7 97 65 84 64 33 72 29 57 58 56 9 70 51 87 74 ]
[ 96: 54 79 59 10 15 86 12 39 89 5 7 97 65 84 64 33 29 57 56 9 3 43 70 51 87 95 74 ]
[ 97: 29 79 59 10 57 15 86 39 89 5 96 9 3 65 43 82 64 51 87 33 61 85 95 74 ]
[ 8: 20 31 55 88 98 26 78 7 38 18 71 75 70 17 42 35 ]
[ 17: 88 98 30 91 12 39 7 8 18 71 25 75 84 35 31 55 16 78 58 41 56 38 81 70 63 22 42 100 ]
[ 18: 54 55 88 98 2 78 91 58 12 41 56 7 38 8 25 75 84 70 17 22 42 35 72 ]
[ 20: 31 8 71 75 98 26 ]
[ 22: 88 28 99 30 91 12 39 7 18 71 25 75 84 35 55 16 78 83 41 9 69 81 70 76 63 17 13 42 100 93 ]
[ 25: 88 28 99 30 91 7 18 71 75 84 35 31 55 16 78 83 14 41 69 81 70 76 63 17 13 22 42 100 93 ]
[ 26: 20 31 8 71 75 88 98 ]
[ 31: 20 55 88 26 78 14 8 71 25 75 81 46 49 63 17 42 35 ]
[ 35: 88 98 30 91 7 8 18 71 25 75 84 31 55 16 78 14 41 81 70 49 63 17 13 22 42 100 ]
[ 41: 88 28 99 30 91 12 39 7 18 71 25 75 84 35 55 16 78 83 9 69 81 70 76 63 17 13 22 42 100 93 ]
[ 42: 88 98 30 91 7 8 18 71 25 75 84 35 31 55 16 78 14 41 81 70 49 63 17 13 22 100 ]
[ 49: 31 71 81 46 92 78 63 14 42 6 35 ]
[ 55: 88 98 91 12 7 8 18 71 25 75 84 35 72 31 78 58 41 56 38 81 70 63 17 22 42 ]
[ 63: 99 30 91 67 71 25 45 84 36 35 47 31 55 16 92 78 83 14 41 69 81 46 76 49 17 13 22 42 100 93 ]
[ 71: 20 31 55 88 98 26 78 91 14 41 8 25 75 81 46 49 63 17 22 42 35 ]
[ 75: 20 31 55 88 98 26 78 91 41 7 38 8 18 71 25 81 70 17 22 42 35 ]
[ 78: 31 55 88 16 30 91 14 41 7 8 18 71 25 75 81 46 84 49 63 17 13 22 42 35 ]
[ 81: 88 99 30 91 67 7 71 25 75 84 35 47 31 55 16 78 83 14 41 69 46 76 49 63 17 13 22 42 100 93 ]
[ 88: 98 26 91 12 7 8 18 71 25 75 84 35 72 31 55 78 58 41 56 38 81 70 17 22 42 ]
[ 91: 88 28 99 30 12 39 7 18 71 25 75 84 35 55 16 78 83 41 9 69 81 70 76 63 17 13 22 42 100 93 ]
[ 98: 20 55 88 26 58 56 38 8 18 71 75 70 17 42 35 72 ]
[ 1: 34 66 90 21 4 24 50 52 68 ]
[ 3: 59 28 90 99 15 86 39 89 32 96 97 82 48 27 50 33 85 29 57 9 53 34 43 19 21 51 87 100 61 ]
[ 4: 66 90 1 86 32 52 68 53 34 43 82 48 21 24 50 61 85 ]
[ 9: 59 28 90 99 15 30 91 86 12 39 89 32 5 96 7 97 48 84 27 33 85 29 16 57 41 3 53 43 19 21 76 22 51 87 100 61 95 74 ]
[ 15: 59 10 90 86 39 89 32 5 96 97 82 48 50 33 85 29 57 9 3 53 34 43 21 51 87 61 ]
[ 19: 37 28 99 30 32 45 11 48 36 27 50 62 40 16 44 83 9 69 3 53 34 21 76 23 13 100 61 93 ]
[ 21: 28 90 15 86 89 32 68 82 48 24 27 50 85 29 66 1 57 9 52 3 53 34 43 19 4 51 87 61 ]
[ 24: 34 82 66 90 1 48 21 4 32 50 52 68 ]
[ 27: 37 28 90 99 30 32 45 11 48 50 62 40 16 44 83 9 69 3 53 34 19 21 76 23 100 61 93 ]
[ 28: 37 99 30 91 39 89 32 25 45 48 84 27 16 57 83 41 9 69 3 53 19 21 76 23 13 22 51 100 61 93 ]
[ 29: 59 10 90 15 86 39 89 32 5 96 97 82 48 64 33 85 57 9 3 43 21 51 87 61 95 74 ]
[ 32: 59 28 90 15 86 89 68 82 48 24 27 50 85 29 66 57 9 52 3 53 34 43 19 21 4 51 87 61 ]
[ 34: 66 90 1 15 86 32 52 68 3 53 43 82 19 48 21 4 24 27 50 61 85 ]
[ 43: 59 10 90 15 86 39 89 32 5 96 97 82 48 50 33 85 29 57 9 3 53 34 21 4 51 87 61 ]
[ 48: 59 28 90 15 86 89 32 68 82 24 27 50 85 29 66 57 9 52 3 53 34 43 19 21 4 51 87 61 ]
[ 50: 66 90 1 15 86 32 52 68 3 53 34 43 82 19 48 21 4 24 27 61 85 ]
[ 52: 66 90 1 32 68 34 82 48 21 4 24 50 61 85 ]
[ 53: 28 90 99 57 15 86 89 32 9 68 3 34 43 82 19 48 21 76 4 27 50 100 61 85 ]
[ 57: 59 10 28 90 15 86 12 39 89 32 5 96 97 82 48 64 33 85 29 9 3 53 43 21 51 87 100 61 95 74 ]
[ 61: 59 28 90 15 86 89 32 68 97 82 48 27 50 85 29 66 57 9 52 3 53 34 43 19 21 4 51 87 ]
[ 66: 90 1 32 52 68 34 82 48 21 4 24 50 61 85 ]
[ 68: 66 90 1 32 52 53 34 82 48 21 4 24 50 61 85 ]
[ 82: 59 10 90 15 86 89 32 68 97 48 24 50 85 29 66 57 52 3 53 34 43 21 4 51 87 61 ]
[ 85: 59 10 90 15 86 89 32 68 97 82 48 50 29 66 57 9 52 3 53 34 43 21 4 51 87 61 ]
[ 86: 59 10 90 15 39 89 32 5 96 97 82 48 50 33 85 29 57 9 3 53 34 43 21 4 51 87 61 ]
[ 87: 59 10 90 15 86 39 89 32 5 96 97 82 48 64 33 85 29 57 9 3 43 21 51 61 95 74 ]
[ 89: 59 10 28 90 99 15 86 12 39 32 5 96 97 82 48 84 64 33 85 29 57 9 3 53 43 21 51 87 100 61 95 74 ]
[ 90: 59 15 86 89 32 68 82 48 24 27 50 85 29 66 1 57 9 52 3 53 34 43 21 4 51 87 61 ]
[ 99: 37 28 30 91 39 89 25 45 84 36 27 62 16 44 83 41 9 69 3 53 81 19 76 63 23 13 22 100 93 ]
[ 100: 37 28 99 30 91 12 39 89 7 25 45 84 27 35 16 57 83 41 9 69 3 53 81 19 76 63 17 23 13 22 42 51 93 ]
[ 6: 92 44 83 14 67 69 45 46 60 49 77 36 80 47 62 ]
[ 11: 37 40 44 83 67 94 45 19 60 76 77 23 36 27 62 93 ]
[ 13: 37 28 99 30 91 67 25 45 84 36 35 47 62 16 44 78 83 14 41 69 81 19 46 76 63 23 22 42 100 93 ]
[ 14: 31 16 92 78 30 83 67 69 71 25 45 81 46 49 63 36 80 13 42 6 35 47 93 ]
[ 16: 37 28 99 30 91 67 7 25 45 84 36 27 35 47 44 78 83 14 41 9 69 81 19 76 63 17 23 13 22 42 100 93 ]
[ 23: 37 40 16 28 99 44 30 83 67 69 94 45 11 19 60 76 77 36 13 27 100 47 62 93 ]
[ 30: 37 28 99 91 67 7 25 45 84 36 27 35 47 16 44 78 83 14 41 9 69 81 19 76 63 17 23 13 22 42 100 93 ]
[ 36: 37 99 30 67 45 11 80 6 47 62 40 16 92 44 83 14 69 94 19 60 76 63 77 23 13 93 ]
[ 37: 28 99 30 67 45 11 36 27 47 62 40 16 92 44 83 69 94 19 60 76 77 23 13 100 93 ]
[ 40: 37 44 83 67 69 94 45 11 19 60 76 77 23 36 27 47 62 93 ]
[ 44: 37 99 30 67 45 11 36 80 27 6 47 62 40 16 92 83 69 94 19 60 76 77 23 13 93 ]
[ 45: 37 28 99 30 67 11 36 80 27 6 47 62 40 16 92 44 83 14 69 94 19 60 76 63 77 23 13 100 93 ]
[ 46: 31 92 78 83 14 67 69 71 81 49 63 80 13 6 47 ]
[ 47: 37 30 67 45 36 80 6 62 40 16 92 44 83 14 69 94 81 46 60 76 63 77 23 13 93 ]
[ 60: 37 40 92 44 67 94 45 11 77 23 36 80 6 47 62 ]
[ 62: 37 40 99 92 44 83 67 69 94 45 11 19 60 76 77 23 36 80 13 27 6 47 93 ]
[ 67: 37 30 45 11 36 80 6 47 62 40 16 92 44 83 14 69 94 81 46 60 76 63 77 23 13 93 ]
[ 69: 37 28 99 30 91 67 25 45 84 36 27 6 47 62 40 16 92 44 83 14 41 94 81 19 46 76 63 77 23 13 22 100 93 ]
[ 76: 37 28 99 30 91 67 25 45 11 84 36 27 47 62 40 16 44 83 41 9 69 53 81 19 63 23 13 22 100 93 ]
[ 77: 37 40 92 44 83 67 69 94 45 11 60 23 36 80 6 47 62 ]
[ 80: 45 46 60 92 44 77 36 14 67 6 47 62 ]
[ 83: 37 28 99 30 91 67 25 45 11 36 27 6 47 62 40 16 92 44 14 41 69 94 81 19 46 76 63 77 23 13 22 100 93 ]
[ 92: 37 44 83 14 67 69 45 46 60 49 63 77 36 80 6 47 62 ]
[ 93: 37 28 99 30 91 67 25 45 11 84 36 27 47 62 40 16 44 83 14 41 69 94 81 19 76 63 23 13 22 100 ]
[ 94: 37 40 44 83 67 69 45 11 60 77 23 36 47 62 93 ]
