[ 2: 95 79 12 74 56 65 73 54 38 72 58 18 70 ]
[ 5: 39 95 96 79 3 12 74 86 65 29 73 10 54 43 57 51 33 15 64 87 89 59 97 9 ]
[ 7: 39 95 88 12 74 56 42 78 41 72 30 35 18 96 22 71 98 75 16 84 25 91 54 38 8 81 17 100 55 58 70 9 ]
[ 10: 82 39 95 96 79 3 74 85 86 65 29 5 61 43 57 51 33 15 64 87 89 59 97 ]
[ 12: 2 39 95 88 7 74 56 42 65 41 72 57 51 33 35 59 18 96 22 84 25 91 5 54 38 17 100 55 58 89 70 9 ]
[ 33: 39 95 12 74 85 86 65 29 43 57 51 59 96 79 3 5 73 10 54 15 64 87 89 97 9 ]
[ 38: 2 88 98 7 75 12 56 54 72 8 17 55 58 18 70 ]
[ 39: 95 99 7 12 74 28 86 56 65 29 41 43 57 51 33 30 59 96 22 3 16 84 91 5 10 54 61 15 17 100 55 87 89 97 70 9 ]
[ 51: 39 95 12 74 28 85 90 86 29 43 57 33 59 82 96 3 84 91 5 10 61 21 15 64 53 100 32 87 89 97 48 9 ]
[ 54: 2 39 95 96 79 7 12 74 56 65 5 73 38 72 33 64 55 58 18 70 ]
[ 56: 2 39 95 96 79 88 98 7 75 12 74 84 65 54 38 72 17 55 58 18 70 ]
[ 58: 2 95 79 88 98 7 12 74 56 65 54 38 72 17 55 18 70 ]
[ 59: 39 95 12 74 85 90 86 65 29 43 57 51 33 82 96 3 5 10 61 21 15 64 32 87 89 97 48 9 ]
[ 64: 95 96 79 74 65 29 5 73 10 54 57 51 33 15 87 89 59 97 ]
[ 65: 2 39 95 96 79 12 74 56 29 5 73 10 54 72 33 64 58 59 97 ]
[ 70: 2 39 95 88 7 12 74 56 42 41 72 35 18 96 22 98 75 84 25 91 54 38 8 17 55 58 ]
[ 72: 2 95 79 88 98 7 12 74 56 65 54 38 17 55 58 18 70 ]
[ 73: 2 33 79 74 64 65 5 54 ]
[ 74: 2 39 95 7 12 56 65 29 72 57 51 33 59 96 79 84 5 73 10 54 64 87 58 89 97 70 9 ]
[ 79: 2 95 96 74 56 65 5 73 10 54 72 33 64 58 97 ]
[ 84: 39 95 99 88 7 12 74 28 56 42 78 13 41 51 30 35 63 18 19 96 22 83 16 25 91 81 69 17 76 100 55 89 93 70 9 ]
[ 95: 2 39 7 12 74 56 65 29 72 57 51 33 59 96 79 3 84 91 5 10 54 15 64 87 58 89 97 70 9 ]
[ 96: 39 95 7 12 74 86 56 65 29 43 57 51 33 59 79 3 84 5 10 54 15 64 87 89 97 70 9 ]
[ 97: 82 39 95 96 79 3 74 85 86 65 29 5 10 61 43 57 51 33 15 64 87 89 59 9 ]
[ 8: 26 71 88 98 7 75 42 20 78 38 17 35 55 31 18 70 ]
[ 17: 39 88 7 12 56 42 78 41 13 72 30 35 63 31 18 22 71 98 75 16 84 25 91 38 8 81 55 100 58 70 ]
[ 18: 2 22 88 98 7 75 12 84 25 56 42 91 54 78 38 41 72 8 17 35 55 58 70 ]
[ 20: 8 26 71 98 75 31 ]
[ 22: 39 99 88 7 12 28 42 78 41 13 30 35 63 18 71 83 75 16 84 25 91 81 69 17 76 55 100 93 70 9 ]
[ 25: 99 88 7 28 12 42 78 41 13 30 35 14 63 31 18 22 71 83 75 16 84 91 81 69 17 76 55 100 93 70 ]
[ 26: 8 71 88 98 75 20 31 ]
[ 31: 26 71 88 75 25 42 20 49 78 46 8 81 17 35 55 14 63 ]
[ 35: 88 7 12 42 49 78 41 13 30 14 63 31 18 22 71 98 75 16 84 25 91 8 81 17 55 100 70 ]
[ 41: 39 99 88 7 12 28 42 78 13 30 35 63 18 19 22 71 83 75 16 84 25 91 81 69 17 76 55 100 93 70 9 ]
[ 42: 88 7 12 49 78 41 13 30 35 14 63 31 18 22 71 98 75 16 84 25 91 8 81 17 55 100 70 ]
[ 49: 6 71 81 92 42 35 14 63 31 78 46 ]
[ 55: 39 88 7 12 56 42 78 41 72 35 63 31 18 22 71 98 75 84 25 91 54 38 8 81 17 58 70 ]
[ 63: 6 99 42 49 78 41 13 30 45 35 14 31 22 71 83 16 67 92 84 25 91 46 81 69 17 76 55 100 36 93 47 ]
[ 71: 22 26 88 98 75 7 25 42 91 20 49 78 46 41 8 81 17 35 55 14 63 31 ]
[ 75: 22 26 71 88 98 7 25 42 56 91 20 78 38 41 8 81 17 35 55 31 18 70 ]
[ 78: 88 7 42 49 41 13 30 35 14 63 31 18 22 71 75 16 84 25 91 46 8 81 17 55 100 ]
[ 81: 99 88 7 42 49 78 41 13 30 45 35 14 63 31 22 71 83 75 16 67 84 25 91 46 69 17 76 55 100 36 93 47 ]
[ 88: 26 7 12 56 42 78 41 72 35 31 18 22 71 98 75 84 25 91 38 8 81 17 55 58 70 ]
[ 91: 39 99 95 88 7 12 28 42 78 41 13 51 30 35 63 18 19 22 71 83 75 16 84 25 81 69 17 76 55 100 93 89 70 9 ]
[ 98: 26 71 88 75 7 56 42 20 38 72 8 17 35 55 58 18 70 ]
[ 1: 34 21 24 90 4 68 50 52 66 ]
[ 3: 39 99 95 28 85 90 86 29 34 43 57 51 33 59 50 19 82 96 27 5 10 61 21 15 76 53 100 32 87 89 97 48 9 ]
[ 4: 82 85 90 86 68 61 66 34 43 21 24 1 53 32 50 52 48 ]
[ 9: 39 95 99 7 12 74 28 85 90 86 29 41 43 57 51 33 30 59 19 96 22 3 27 16 84 91 5 61 21 15 76 53 100 32 87 89 97 48 ]
[ 15: 39 95 85 90 86 29 34 43 57 51 33 59 50 82 96 3 5 10 61 21 64 53 32 87 89 97 48 9 ]
[ 19: 99 44 28 41 13 34 30 45 37 40 50 11 83 3 27 23 16 84 91 62 61 21 69 76 53 100 32 36 93 48 9 ]
[ 21: 28 85 90 86 4 29 66 34 43 57 51 50 59 19 82 3 27 68 61 24 15 1 53 32 87 89 52 48 9 ]
[ 24: 34 82 21 1 90 4 68 32 50 52 48 66 ]
[ 27: 99 44 28 90 13 34 30 45 37 40 50 19 11 83 3 23 16 62 61 21 69 76 53 100 32 93 48 9 ]
[ 28: 39 99 41 13 57 51 30 45 37 19 22 83 3 27 23 16 84 25 91 61 21 69 76 53 100 32 89 93 48 9 ]
[ 29: 39 95 74 85 90 86 65 43 57 51 33 59 82 96 3 5 10 61 21 15 64 32 87 89 97 48 9 ]
[ 32: 28 85 90 86 4 29 66 34 43 57 51 59 50 19 82 3 27 68 61 21 24 15 53 87 89 52 48 9 ]
[ 34: 82 3 27 85 90 86 4 68 61 66 43 21 24 15 1 53 32 50 52 48 19 ]
[ 43: 39 85 90 86 4 29 34 57 51 33 59 50 82 96 3 5 10 61 21 15 53 32 87 89 97 48 9 ]
[ 48: 28 85 90 86 4 29 66 34 43 57 51 59 50 19 82 3 27 68 61 21 24 15 53 32 87 89 52 9 ]
[ 50: 82 3 27 85 90 86 4 68 61 66 34 43 21 24 15 1 53 32 52 48 19 ]
[ 52: 82 85 90 4 68 61 66 34 21 24 1 32 50 48 ]
[ 53: 99 28 85 90 86 4 34 43 57 51 50 19 82 3 27 23 68 61 21 15 76 100 32 89 48 9 ]
[ 57: 39 95 12 74 28 85 90 86 29 43 51 33 59 82 96 3 5 10 61 21 15 64 53 100 32 87 89 97 48 9 ]
[ 61: 39 28 85 90 86 4 29 66 34 43 57 51 59 50 19 82 3 27 68 10 21 15 53 32 87 89 52 97 48 9 ]
[ 66: 82 85 90 4 68 61 34 21 24 1 32 50 52 48 ]
[ 68: 82 85 90 4 61 66 34 21 24 1 53 32 50 52 48 ]
[ 82: 85 90 86 4 29 66 34 43 57 51 59 50 3 68 10 61 21 24 15 53 32 87 89 52 97 48 ]
[ 85: 90 86 4 29 66 34 43 57 51 33 59 50 82 3 68 10 61 21 15 53 32 87 89 52 97 48 9 ]
[ 86: 39 85 90 4 29 34 43 57 51 33 59 50 82 96 3 5 10 61 21 15 53 32 87 89 97 48 9 ]
[ 87: 39 95 74 85 90 86 29 43 57 51 33 59 82 96 3 5 10 61 21 15 64 32 89 97 48 9 ]
[ 89: 39 95 99 12 74 28 85 90 86 29 43 57 51 33 59 82 96 3 84 91 5 10 61 21 15 64 53 100 32 87 97 48 9 ]
[ 90: 85 86 4 29 66 34 43 57 51 59 50 82 3 27 68 61 21 24 15 1 53 32 87 89 52 48 9 ]
[ 99: 39 44 28 41 13 30 45 37 63 19 22 83 3 27 23 16 67 84 25 91 62 81 69 76 53 100 36 89 93 9 ]
[ 100: 39 99 7 12 28 42 78 41 13 57 51 30 45 35 37 63 19 22 83 3 27 23 16 84 25 91 81 69 17 76 53 89 93 9 ]
[ 6: 83 44 67 92 49 62 46 77 69 80 45 14 36 63 47 60 ]
[ 11: 83 27 23 44 67 62 77 94 45 76 37 36 40 93 60 19 ]
[ 13: 99 44 28 42 78 41 30 45 35 37 14 63 19 22 83 23 27 16 67 84 25 91 62 46 81 69 17 76 100 36 93 47 ]
[ 14: 6 71 83 16 67 92 25 42 49 78 46 13 81 30 69 80 45 35 36 63 31 93 47 ]
[ 16: 39 99 7 44 28 42 78 41 13 30 45 35 37 14 63 19 22 83 27 23 67 84 25 91 81 69 17 76 100 36 93 47 9 ]
[ 23: 99 44 28 13 94 30 45 37 40 60 19 11 83 27 16 67 62 77 69 76 53 100 36 93 47 ]
[ 30: 39 99 7 44 28 42 78 41 13 45 35 37 14 63 19 22 83 27 23 16 67 84 25 91 81 69 17 76 100 36 93 47 9 ]
[ 36: 6 99 44 13 94 30 80 45 37 14 63 40 60 19 11 83 23 16 67 92 62 77 81 69 76 93 47 ]
[ 37: 99 44 28 13 94 30 45 40 60 19 11 83 27 23 16 67 92 62 77 69 76 100 36 93 47 ]
[ 40: 11 83 27 23 44 67 62 77 94 69 45 76 37 36 93 47 60 19 ]
[ 44: 6 99 13 94 30 80 45 37 40 60 19 11 83 27 23 16 67 92 62 77 69 76 36 93 47 ]
[ 45: 6 99 44 28 13 94 30 80 37 14 63 40 60 19 11 83 27 23 16 67 92 62 77 81 69 76 100 36 93 47 ]
[ 46: 6 71 83 67 92 49 78 13 81 69 80 14 63 31 47 ]
[ 47: 6 44 13 94 30 80 45 37 14 63 40 60 83 23 16 67 92 62 46 81 77 69 76 36 93 ]
[ 60: 6 11 23 44 67 92 62 77 94 80 45 37 36 40 47 ]
[ 62: 6 99 11 83 27 23 44 67 92 13 77 94 69 80 45 76 37 36 40 93 47 60 19 ]
[ 67: 6 99 44 13 94 30 80 45 37 14 63 40 60 11 83 23 16 92 62 46 81 77 69 76 36 93 47 ]
[ 69: 6 99 44 28 41 13 94 30 45 37 14 63 40 19 22 83 27 23 16 67 92 84 25 91 62 46 81 77 76 100 36 93 47 ]
[ 76: 99 44 28 41 13 30 45 37 63 40 19 11 22 83 27 23 3 16 67 84 25 91 62 81 69 53 100 36 93 47 9 ]
[ 77: 6 11 83 23 44 67 92 62 94 69 80 45 37 36 40 47 60 ]
[ 80: 6 77 44 45 67 92 14 36 62 46 47 60 ]
[ 83: 6 99 44 28 41 13 94 30 45 37 14 63 40 19 11 22 27 23 16 67 92 84 25 91 62 46 81 77 69 76 100 36 93 47 ]
[ 92: 6 83 44 67 49 62 46 77 69 80 45 37 14 36 63 47 60 ]
[ 93: 99 44 28 41 13 94 30 45 37 14 63 40 19 11 22 83 27 23 16 67 84 25 91 62 81 69 76 100 36 47 ]
[ 94: 11 83 23 44 67 62 77 69 45 37 36 40 93 47 60 ]
